005 006 007 008 009 014 015 016 017 018
019 023 024 025 026 027 028 029 032 033
034 035 036 037 038 039 041 042 043 044
045 046 047 048 049 051 052 053 054 055
056 057 058 059 061 062 063 064 065 066
067 068 069 071 072 073 074 075 076 077
078 079 081 082 083 084 085 086 087 088
091 092 093 094 095 096 097 104 105 106
107 108 109 113 114 115 116 117 118 119
122 123 124 125 126 127 128 129 131 132
133 134 135 136 137 138 139 141 142 143
144 145 146 147 148 149 151 152 153 154
155 156 157 158 159 161 162 163 164 165
166 167 168 169 171 172 173 174 175 176
177 178 181 182 183 184 185 186 187 191
192 193 194 195 196 203 204 205 206 207
208 209 212 213 214 215 216 217 218 219
221 222 223 224 225 226 227 228 229 231
232 233 234 235 236 237 238 239 241 242
243 244 245 246 247 248 249 251 252 253
254 255 256 257 258 259 261 262 263 264
265 266 267 268 271 272 273 274 275 276
277 281 282 283 284 285 286 291 292 293
294 295 302 303 304 305 306 307 308 309
311 312 313 314 315 316 317 318 319 321
322 323 324 325 326 327 328 329 331 332
333 334 335 336 337 338 339 341 342 343
344 345 346 347 348 349 351 352 353 354
355 356 357 358 361 362 363 364 365 366
367 371 372 373 374 375 376 381 382 383
384 385 391 392 393 394 401 402 403 404
405 406 407 408 409 411 412 413 414 415
416 417 418 419 421 422 423 424 425 426
427 428 429 431 432 433 434 435 436 437
438 439 441 442 443 444 445 446 447 448
451 452 453 454 455 456 457 461 462 463
464 465 466 471 472 473 474 475 481 482
483 484 491 492 493 501 502 503 504 505
506 507 508 509 511 512 513 514 515 516
517 518 519 521 522 523 524 525 526 527
528 529 531 532 533 534 535 536 537 538
541 542 543 544 545 546 547 551 552 553
554 555 556 561 562 563 564 565 571 572
573 574 581 582 583 591 592 601 602 603
604 605 606 607 608 609 611 612 613 614
615 616 617 618 619 621 622 623 624 625
626 627 628 631 632 633 634 635 636 637
641 642 643 644 645 646 651 652 653 654
655 661 662 663 664 671 672 673 681 682
691 801 802 803 804 805 806 807 808 811
812 813 814 815 816 817 821 822 823 824
825 826 831 832 833 834 835 841 842 843
844 851 852 853 861 862 871 901 902 903
904 905 906 907 911 912 913 914 915 916
921 922 923 924 925 931 932 933 934 941
942 943 951 952 961