073
237
071
204
374
128
849
852
155
795
217
482
986
232
871
171
102
178
446
737
859
947
681
197
513
780
248
810
953
525
511
133
964
734
912
334
706
516
622
305
436
116
190
082
098
646
118
409
830
352
476
565
352
457
037
733
763
800
818
692
878
341
408
779
852
121
657
482
874
933
830
222
708
319
276
867
239
273
132
443
556
460
315
083
106
299
283
775
956
553
360
435
218
283
786
427
155
159
913
635
224
012
088
818
933
287
314
584
625
344
091
990
211
493
032
888
842
448
075
770
381
494
265
042
533
005
424
813
727
328
387
773
574
841
078
206
860
493
184
651
461
247
357
323
213
208
683
793
094
490
396
992
909
835
557
189
599
754
116
322
840
180
809
341
322
413
543
620
405
156
233
827
392
351
139
519
242
345
861
551
983
092
674
605
223
396
966
630
140
171
893
068
075
318
657
428
905
656
920
076
581
588
387
179
625
297
632
474
984
086
071
565
460
546
853
596
791
564
112
302
876
341
790
377
903
684
549
576
477
611
253
040
171
452
163
418
662
817
602
711
752
520
073
064
468
884
265
251
000
271
082
991
200
444
687
624
395
099
981
143
227
714
857
876
912
805
754
975
511
791
090
768
301
556
705
787
743
321
776
300
843
530
854
886
761
347
102
360
781
047
045
823
930
080
967
730
643
191
368
728
826
840
585
976
766
473
355
235
619
258
815
882
508
764
852
882
167
228
115
013
389
747
172
389
553
963
804
750
980
542
493
306
845
455
168
226
953
526
472
610
441
632
639
070
187
031
942
270
985
261
598
159
008
807
615
596
938
628
040
038
053
475
090
143
396
668
908
171
989
518
079
832
196
054
161
838
566
387
031
391
441
838
415
339
378
593
022
629
008
898
291
668
235
791
814
011
842
339
269
993
259
564
924
463
814
833
135
416
314
014
580
897
795
727
706
658
363
866
901
699
949
721
724
650
720
211
279
466
836
211
862
725
174
238
915
016
207
774
389
732
238
763
519
812
550
168
516
822
557
348
536
890
496
860
709
997
547
306
165
804
340
526
236
785
518
975
678
884
803
286
865
705
705
758
378
891
106
891
825
096
861
674
667
393
994
413
735
202
753
828
909
324
779
976
768
537
661
915
780
514
826
445
465
464
870
491
182
760
125
297
468
756
882
757
217
735
551
319
001
794
738
104
836
289
323
127
974
648
628
015
146
435
526
951
214
564
856
077
419
938
201
156
358
785
291
355
716
619
802
720
869
243
595
591
709
340
266
335
794
810
306
982
479
390
661
644
479
580
645
857
041
597
664
975
195
346
159
425
155
386
595
537
058
928
359
205
360
670
103
114
381
140
598
884
391
931
396
200
878
546
633
048
415
414
575
593
975
740
002
417
555
515
131
304
269
506
150
534
657
871
943
613
175
225
195
364
897
298
401
059
432
611
700
399
650
366
611
224
131
589
482
305
577
526
283
690
668
673
735
874
218
244
245
728
090
062
881
868
323
162
837
428
311
038
132
144
000
090
615
392
932
884
743
981
201
023
354
998
288
545
778
060
108
821
992
053
453
548
679
895
196
563
443
515
744
021
358
276
094
197
546
404
100
154
645
035
903
301
050
389
295
689
327
185
671
643
401
101
021
670
279
392
837
132
552
087
776
212
581
738
021
135
579
640
734
761
802
084
665
642
584
985
426
541
435
974
350
689
991
028
219
067
435
792
437
072
153
831
966
740
325
173
157
213
646
999
856
302
110
834
848
162
744
209
434
839
532
459
041
723
829
608
366
414
012
492
605
570
323
608
327
682
905
936
860
879
093
984
165
044
170
269
737
163
217
191
263
018
033
733
217
819
964
375
554
920
699
499
125
223
069
310
619
251
033
550
628
631
105
131
599
698
338
048
829
173
982
393
313
950
579
494
062
753
105
275
185
971
665
302
543
992
327
573
723
562
116
360
626
919
484
445
846
161
916
743
768
289
833
850
313
772
286
661
529
064
185
834
799
509
248
938
644
215
895
262
787
986
549
282
666
816
488
845
529
691
743
876
190
831
654
134
549
039
626
959
276
004
834
668
988
452
713
633
589
314
169
884
736
707
014
662
567
159
599
149
709
628
902
455
978
905
459
914
924
400
805
026
767
052
795
651
531
963
171
160
999
467
847
093
686
242
751
771
495
515
755
075
250
280
375
567
642
115
383
346
416
070
974
059
918
025
464
141
894
102
277
537
620
967
964
861
594
338
051
593
141
273
399
788
805
079
085
957
880
460
283
006
789
851
690
070
557
986
791
941
611
144
471
505
828
607
878
477
476
439
679
688
177
264
597
270
086
936
287
152
247
798
801
485
205
800
151
992
253
911
424
828
631
339
836
935
303
227
092
927
821
731
284
798
933
066
167
487
008
378
409
774
722
229
369
651
649
357
263
472
787
419
187
519
619
107
397
229
605
321
019
043
928
052
568
864
319
003
707
658
740
854
850
053
438
107
802
715
803
766
075
313
405
271
985
339
925
389
717
827
699
853
881
151
599
275
074
631
086
723
700
466
942
934
028
488
710
005
784
272
830
493
142
307
058
257
081
195
542
717
245
311
959
600
467
787
875
958
169
854
555
595
458
058
144
053
944
969
295
553
808
212
666
880
416
228
157
571
885
217
115
816
660
171
022
606
665
063
422
549
307
671
045
869
240
669
609
203
630
851
079
529
380
367
880
830
130
916
102
502
053
275
034
333
005
594
482
596
573
131
796
180
964
899
936
489
052
167
667
572
663
306
105
494
943
477
965
168
774
950
312
949
369
319
749
430
590
060
996
791
488
516
586
361
249
775
300
664
238
214
558
370
791
609
813
517
251
075
123
268
073
433
153
918
810
756
332
818
927
322
798
353
710
842
830
654
734
328
214
667
380
612
877
073
164
859
129
598
166
074
404
994
424
961
002
951
964
892
013
158
989
788
807
794
260
603
455
209
139
483
630
175
933
890
134
495
767
018
901
871
126
592
103
331
977
519
574
900
692
434
506
557
163
425
041
751
285
894
348
158
542
203
617
393
336
952
316
927
940
396
528
290
209
262
925
783
059
149
714
041
762
271
214
220
478
516
335
185
028
823
227
428
455
833
914
531
753
713
138
895
650
456
540
332
806
550
598
868
699
288
809
313
789
705
198
272
851
793
369
922
024
583
162
139
212
874
097
009
900
905
176
208
540
827
218
248
539
493
437
998
467
864
895
381
924
139
272
038
014
969
173
540
536
726
468
681
429
842
160
110
229
614
877
713
746
179
349
624
634
098
848
400
800
481
878
884
497
661
051
900
515
686
141
497
460
028
403
964
409
930
667
314
848
891
697
715
446
463
594
710
116
069
846
021
469
138
566
153
225
771
306
835
576
777
666
128
052
985
309
708
817
936
542
277
305
490
396
929
130
419
731
306
274
401
715
321
403
802
976
967
761
737
294
756
160
960
910
467
101
175
605
304
237
149
823
203
596
661
708
040
455
923
883
478
086
008
860
724
594
440
086
913
442
052
332
355
454
166
217
940
084
812
711
133
931
858
880
036
999
714
015
292
171
141
351
128
462
363
688
435
582
626
384
364
195
654
286
848
209
377
014
960
031
134
892
275
072
803
075
348
368
132
127
426
095
519
690
407
114
050
900
357
083
361
867
577
692
207
708
949
553
608
596
215
410
363
404
453
589
211
751
510
995
328
870
001
241
673
982
842
539
820
601
557
377
138
450
085
330
683
126
666
663
334
795
440
790
253
479
718
748
039
340
685
850
559
772
279
645
727
994
666
315
251
683
165
874
072
321
433
435
076
568
410
523
998
448
411
474
068
310
023
501
266
184
158
110
241
473
457
541
520
143
973
691
440
537
083
492
857
849
426
576
935
992
793
146
050
981
043
131
160
342
921
791
316
244
918
671
566
452
152
219
519
308
363
736
846
865
237
677
517
041
417
640
175
807
958
242
689
300
783
064
851
300
503
164
904
641
959
019
147
039
189
683
960
863
455
140
365
173
182
977
460
900
447
638
790
047
695
539
948
676
760
569
644
415
802
509
939
503
283
827
623
015
019
484
733
313
736
255
459
558
504
735
193
035
550
814
916
441
956
529
652
481
577
305
581
296
392
344
790
748
575
747
975
551
928
414
409
485
570
195
712
212
359
393
321
522
400
208
304
418
363
951
892
899
078
204
656
403
668
295
029
987
144
775
326
617
500
889
016
691
683
163
394
914
977
745
071
399
623
666
710
379
827
942
180
811
687
574
905
258
589
071
779
958
368
415
074
845
755
006
304
488
418
245
671
130
177
642
529
653
602
630
296
579
324
810
717
144
209
400
225
735
831
904
790
518
045
425
066
746
952
468
342
724
218
152
762
257
400
190
291
655
731
470
759
391
119
951
336
806
009
505
885
948
321
775
481
859
602
636
012
225
443
407
094
179
073
581
085
539
404
669
772
503
734
212
942
811
848
989
269
701
417
518
480
998
662
208
451
774
505
488
603
014
818
154
537
030
024
942
289
818
284
274
384
033
153
511
828
746
607
476
755
319
138
513
644
492
037
590
862
263
611
801
687
830
592
585
420
141
584
021
482
739
855
302
358
552
047
193
323
675
398
117
492
095
062
884
393
119
360
706
941
882
573
981
692
952
373
173
649
268
235
062
217
696
432
547
838
493
825
781
453
466
052
817
866
669
814
615
498
891
728
631
417
473
301
188
356
573
861
736
661
732
321
605
666
519
947
545
664
908
364
110
700
338
511
507
749
627
334
960
013
784
196
343
816
430
214
125
051
924
494
349
331
112
674
558
423
545
723
124
535
913
284
119
747
785
399
856
450
105
667
606
852
675
476
793
279
992
522
889
558
798
377
239
129
831
495
346
790
353
094
517
020
302
149
030
765
380
153
269
616
448
954
950
793
573
745
999
254
112
016
960
088
825
674
562
984
136
183
505
807
570
320
149
312
372
898
123
266
320
149
930
179
230
308
403
428
363
690
156
132
828
830
172
802
793
570
543
933
544
898
738
857
662
249
437
612
303
268
816
400
706
457
475
014
022
357
026
659
669
979
081
407
409
322
042
159
160
418
148
144
979
382
836
040
154
626
934
945
000
300
492
653
624
199
918
464
469
154
102
274
327
560
032
442
408
487
907
197
545
781
422
610
560
385
931
466
817
228
082
721
416
226
427
364
179
303
180
938
640
971
064
028
831
925
083
625
724
590
067
869
717
985
788
386
752
747
273
132
151
057
307
128
242
680
923
371
959
419
597
553
470
674
448
615
049
667
001
865
085
589
697
152
374
413
409
340
950
524
103
840
409
161
964
979
164
465
458
156
563
799
681
683
647
833
914
458
280
640
728
864
015
166
962
884
751
213
529
636
934
525
032
837
167
661
604
913
395
132
766
076
837
622
696
223
538
431
107
725
647
000
750
931
896
795
914
369
404
050
337
928
182
055
190
201
528
002
223
032
700
268
489
309
210
768
980
186
816
815
409
922
020
891
560
786
896
234
766
579
315
549
547
209
794
836
045
144
997
819
905
835
808
320
749
107
104
794
294
424
971
525
679
764
843
172
867
967
518
633
178
518
548
493
000
096
003
053
535
355
106
991
811
502
213
440
052
007
368
433
398
736
187
687
915
071
452
342
699
368
541
119
393
982
807
014
400
364
055
632
813
801
820
363
475
159
927
671
754
438
951
499
037
916
196
047
397
403
157
626
434
869
304
740
334
514
328
135
358
344
429
141
384
298
506
918
785
529
194
444
767
514
236
147
540
897
440
968
140
268
737
375
989
393
939
834
508
416
389
645
698
567
652
658
208
359
774
207
443
994
661
055
665
016
718
085
351
047
821
303
328
999
988
576
558
892
530
456
376
877
076
852
161
821
809
046
003
851
085
069
290
792
402
474
937
436
585
485
197
730
515
691
580
985
207
832
606
645
477
705
359
048
192
505
663
146
301
181
431
992
223
644
736
539
974
056
269
373
832
419
986
722
570
302
890
412
731
938
218
221
097
110
714
566
831
063
719
453
572
389
351
188
841
508
139
037
627
048
995
838
147
354
209
817
565
475
446
200
919
713
965
586
551
059
247
362
035
500
288
696
623
845
017
510
911
281
534
640
669
348
214
279
468
889
298
612
823
188
230
830
062
083
284
367
013
154
304
681
642
567
239
318
648
685
061
822
317
856
761
740
176
438
457
244
738
597
772
127
438
807
073
063
323
844
963
173
299
773
156
695
423
454
751
804
412
550
319
587
399
707
008
906
860
839
549
666
423
398
790
292
345
869
894
937
480
430
759
335
566
095
593
615
608
940
367
684
956
459
850
161
654
911
349
056
490
344
004
879
374
779
960
672
591
729
310
880
744
669
849
610
552
640
583
551
030
818
965
789
817
663
789
581
073
480
607
633
692
081
827
003
942
879
950
554
402
844
607
915
897
336
519
877
918
752
634
638
159
654
587
876
292
691
603
016
578
721
052
645
374
308
454
566
712
837
670
591
938
610
496
927
560
281
397
109
875
115
426
969
196
827
111
483
829
260
924
714
217
528
773
858
677
353
740
910
394
514
393
974
075
927
903
474
041
882
072
538
214
357
821
988
796
093
516
423
314
465
065
494
113
131
759
317
023
181
290
397
513
784
706
943
213
305
125
101
174
949
822
932
010
407
349
176
114
843
568
975
719
476
559
972
383
671
470
149
954
913
228
144
848
338
760
893
242
217
732
257
872
081
190
342
232
841
027
763
185
263
414
409
938
643
749
105
941
855
056
768
235
743
019
827
077
082
929
020
761
591
086
879
634
076
954
873
156
810
190
232
776
337
667
135
106
268
637
641
304
882
000
207
286
836
852
332
056
161
310
450
820
022
057
503
528
898
861
059
119
147
062
756
345
001
289
176
760
526
379
266
350
837
427
701
019
247
674
935
432
168
623
277
650
948
787
312
486
493
700
041
485
535
132
838
468
248
801
828
249
097
720
666
878
688
642
715
748
672
478
130
744
252
068
434
259
519
764
248
613
379
575
354
007
671
175
171
901
402
612
803
280
457
043
535
075
463
692
267
340
665
945
945
914
775
021
557
162
823
794
240
413
178
199
743
036
419
270
897
660
320
815
794
686
665
016
127
407
199
551
144
303
140
016
501
071
916
771
770
129
291
074
090
798
713
374
975
216
084
965
621
449
340
513
642
442
498
377
017
371
970
586
573
855
111
670
050
605
345
608
578
280
298
809
006
506
094
594
378
726
743
805
447
296
568
921
693
040
302
917
794
146
703
020
033
469
097
638
194
245
295
085
537
804
869
510
228
142
726
937
640
571
242
285
982
176
573
635
587
879
277
809
777
813
141
358
164
215
782
777
388
546
591
677
347
679
013
937
265
106
200
219
350
063
404
784
958
286
208
133
456
224
816
954
458
730
316
281
057
278
518
742
940
030
062
960
528
843
160
806
726
420
809
544
108
753
334
782
428
172
087
287
746
206
246
785
648
100
491
868
721
337
368
194
342
219
796
315
431
369
849
784
006
429
022
652
714
886
329
666
329
927
158
907
788
920
247
523
574
294
628
827
178
358
727
083
759
220
555
769
791
006
055
467
691
082
038
454
418
016
225
809
559
958
475
265
819
915
789
058
644
494
500
163
439
926
773
541
721
456
682
256
212
582
608
769
510
371
573
635
704
162
454
941
017
922
157
725
227
763
412
262
905
697
145
170
804
918
353
341
209
767
242
931
430
472
464
351
746
868
210
385
415
638
985
263
552
348
750
017
127
341
144
699
439
992
540
779
862
109
911
457
969
618
648
485
999
069
713
345
610
863
242
084
820
176
936
827
452
002
211
056
634
662
301
787
975
868
697
866
716
080
650
684
370
358
770
251
808
560
497
068
214
818
442
365
628
189
525
928
499
080
248
501
599
399
139
355
643
416
342
360
509
265
087
241
567
481
753
436
902
632
531
429
422
455
240
310
961
098
717
624
766
042
872
567
838
947
171
385
350
010
754
261
433
268
469
539
068
180
708
330
933
134
116
443
442
944
220
724
436
385
381
791
619
838
890
934
805
246
783
762
541
724
808
613
045
961
333
920
908
580
993
533
772
781
368
145
589
012
489
488
917
193
254
309
209
750
960
135
882
880
497
166
594
315
224
317
637
180
749
538
030
045
446
967
425
633
997
755
746
263
731
100
982
195
421
865
465
369
287
978
032
757
470
664
001
525
723
026
493
642
875
808
035
302
355
663
103
712
607
608
096
269
492
763
023
128
478
775
648
193
856
693
757
759
795
069
841
537
606
388
122
457
482
922
325
116
618
912
973
544
363
080
549
220
553
002
668
588
870
861
996
405
413
695
770
301
990
382
436
728
758
120
645
810
383
070
850
086
339
665
518
100
436
694
585
234
108
143
507
985
431
368
290
527
659
347
698
987
748
517
537
036
390
214
349
185
923
628
197
502
732
031
828
140
802
746
843
267
862
015
162
543
962
369
832
643
541
364
112
212
405
012
661
242
769
887
875
976
327
694
127
921
277
847
861
245
921
309
247
484
252
083
964
558
928
944
346
626
877
639
619
503
632
803
398
583
108
295
265
030
613
641
393
843
547
297
965
284
873
253
565
152
098
351
099
093
573
652
879
485
108
149
333
908
708
897
418
422
332
739
307
810
167
247
572
237
936
749
578
514
690
412
023
195
670
466
203
132
694
773
913
340
442
401
869
799
797
419
181
343
339
625
992
140
989
667
267
447
468
994
021
538
718
438
866
166
756
997
304
271
094
034
099
199
646
061
055
103
407
156
408
925
539
706
317
764
150
042
057
974
921
071
899
743
831
743
181
371
709
315
110
286
428
936
524
889
114
656
814
310
644
595
534
382
523
744
006
493
250
576
097
294
046
204
373
296
293
896
992
576
851
266
676
035
123
823
779
636
546
194
554
309
203
670
166
760
623
457
147
556
921
632
209
688
923
417
228
038
380
347
866
929
918
250
807
268
540
857
308
113
149
732
762
849
277
330
632
658
364
640
639
549
851
496
536
318
039
966
784
290
636
556
676
556
564
497
456
139
243
082
251
549
675
669
641
176
328
041
832
770
115
235
360
831
222
288
617
174
184
032
780
466
857
249
602
721
693
895
034
381
912
955
137
632
737
028
215
039
792
759
450
338
921
536
208
014
484
492
985
343
167
418
466
996
836
171
901
407
808
393
451
569
073
465
832
963
510
410
667
849
020
991
798
155
329
228
850
231
627
579
907
592
782
930
060
890
389
464
843
825
452
736
943
149
288
349
296
775
383
613
098
210
537
292
104
732
300
042
242
556
344
128
890
406
506
714
185
307
169
927
368
642
248
944
693
487
916
170
188
020
026
719
315
170
493
806
100
115
566
814
573
498
603
300
506
798
493
473
044
928
139
749
082
660
826
157
383
965
112
232
630
999
260
811
579
884
550
427
410
003
962
468
441
367
846
625
714
874
117
091
569
718
528
361
393
742
906
559
115
307
904
753
573
683
956
295
598
398
055
431
626
227
643
681
748
373
552
051
414
166
295
385
309
568
600
250
954
393
134
409
194
005
846
547
169
165
192
200
748
740
323
667
093
956
198
342
943
803
732
207
383
776
882
289
212
860
291
694
378
982
271
358
784
898
711
899
088
197
244
460
573
987
648
114
167
863
233
405
957
529
004
224
423
789
680
008
423
030
517
867
805
980
899
776
149
072
019
554
574
524
322
726
176
185
024
293
164
320
968
687
634
643
955
755
992
283
590
432
645
319
368
613
945
742
224
057
474
610
087
875
969
303
344
683
300
774
805
618
488
204
256
444
335
723
630
809
004
478
068
702
156
854
585
236
248
903
214
392
757
310
793
700
257
761
386
502
210
871
977
819
300
742
361
208
693
072
968
652
911
537
662
036
921
146
559
712
630
206
670
544
934
521
558
623
056
030
404
506
482
495
303
998
285
553
738
389
548
286
170
892
352
250
957
613
970
669
960
965
768
487
429
124
243
645
910
829
182
383
758
743
499
315
701
852
588
341
780
145
211
870
139
650
085
409
840
169
587
764
901
921
594
244
077
612
367
578
180
262
107
391
821
392
115
677
419
575
411
312
045
946
587
668
341
466
316
986
481
279
630
631
843
359
659
347
685
260
077
130
199
806
804
987
397
636
284
876
965
858
597
411
208
531
626
895
883
832
980
648
583
363
627
648
284
272
657
258
241
194
585
697
553
447
770
175
938
354
238
859
628
384
672
444
689
902
675
703
855
681
688
803
119
283
580
330
430
260
425
552
411
143
124
876
122
608
627
714
708
281
180
424
902
298
031
395
767
194
718
551
578
988
941
304
395
502
582
162
621
942
275
392
478
370
361
897
460
669
209
066
524
339
684
150
670
139
667
738
100
475
076
073
802
081
817
829
924
161
011
557
605
213
605
949
041
474
391
642
429
461
963
296
308
182
713
312
678
041
382
774
182
974
667
945
935
288
978
088
362
785
614
287
330
437
142
407
513
668
917
649
370
773
797
614
209
695
351
998
522
771
223
505
727
515
713
773
371
610
245
047
029
937
031
053
055
919
730
599
660
047
764
402
207
656
027
902
909
731
700
982
325
875
218
068
452
283
367
278
117
711
150
178
744
275
833
043
094
076
794
521
224
861
656
636
799
472
043
683
163
197
622
395
464
783
856
569
889
640
285
827
547
368
799
688
442
757
158
196
807
561
680
840
490
288
301
491
622
810
224
069
178
718
947
472
314
955
836
899
349
634
367
565
746
796
268
309
326
887
438
936
776
674
139
241
415
758
474
988
871
451
405
844
598
771
716
607
079
784
227
274
240
599
259
971
097
313
055
218
471
685
001
661
231
378
239
182
339
755
812
360
880
980
197
461
331
750
022
275
430
660
451
411
188
827
222
037
847
297
823
039
030
133
567
189
601
306
511
313
672
864
498
503
743
773
605
141
381
702
281
417
731
119
870
519
878
663
224
408
713
774
416
651
781
813
580
577
131
553
905
925
988
644
313
090
635
253
547
508
701
896
205
241
216
053
265
199
566
884
065
550
801
810
234
145
187
290
671
952
683
811
432
454
107
264
107
267
899
462
957
764
899
887
831
313
498
995
319
873
668
967
514
178
835
722
889
555
064
118
320
963
082
914
019
752
787
334
777
705
191
828
790
755
446
011
706
845
612
981
144
864
915
577
508
020
977
999
696
795
896
100
920
628
232
361
888
236
657
256
271
120
475
751
602
392
473
849
899
516
656
318
008
010
403
869
628
111
860
785
286
939
764
698
607
818
819
373
451
369
070
434
980
261
996
369
624
254
014
079
070
642
655
134
612
229
232
997
680
461
993
438
391
356
344
475
258
261
879
273
159
671
581
709
952
583
353
802
815
180
324
938
349
447
531
563
278
521
699
916
729
624
110
324
280
416
026
293
592
778
387
606
981
968
468
960
248
143
519
701
557
010
692
383
606
851
739
731
528
641
949
328
553
941
543
126
741
039
754
803
356
062
450
181
001
075
643
896
650
020
815
777
845
644
717
908
075
261
635
640
289
282
967
249
099
473
111
954
405
875
622
824
704
348
532
414
217
551
061
282
126
900
699
043
238
480
100
650
336
340
679
981
631
425
326
703
308
936
843
762
708
914
594
134
957
123
641
862
753
453
691
107
732
619
393
560
250
787
688
435
503
625
941
761
989
813
753
912
336
498
174
839
784
278
151
920
691
017
041
634
033
273
041
396
249
119
706
909
598
323
695
007
641
712
195
244
387
659
869
489
695
703
380
618
139
099
790
823
308
661
695
407
610
907
915
303
347
932
320
784
975
329
499
173
596
950
023
279
634
038
173
942
144
334
038
233
410
367
808
404
297
278
212
289
698
188
378
497
458
132
694
204
554
891
531
037
560
087
499
395
446
699
760
319
441
139
109
416
860
052
265
564
451
628
976
266
328
061
049
659
489
898
525
914
989
105
860
411
443
373
565
883
874
277
085
435
624
378
998
626
740
143
848
907
621
010
359
430
137
507
326
334
789
784
160
651
045
805
572
656
801
856
744
073
997
743
830
045
398
113
373
157
888
774
243
470
557
529
832
153
877
663
961
690
831
709
244
318
983
776
054
189
550
097
299
301
262
493
151
448
225
367
559
029
806
289
049
383
818
016
084
428
942
125
415
110
883
369
779
650
317
246
888
783
169
202
976
909
125
582
221
950
469
817
315
606
893
854
028
250
709
359
259
873
193
272
107
376
237
114
348
624
650
897
134
395
899
480
000
050
861
679
570
945
557
036
278
702
731
652
754
276
102
242
262
143
868
454
975
864
158
577
322
644
910
518
231
882
174
075
576
787
074
020
449
487
735
129
625
105
822
560
697
377
366
518
390
341
305
840
375
593
470
749
407
046
596
809
698
350
524
421
936
725
557
488
266
331
695
745
167
160
814
731
605
509
284
439
045
008
015
878
499
623
055
566
676
482
556
920
359
077
888
119
181
695
111
115
877
698
585
945
549
299
739
739
113
076
707
608
363
935
248
173
285
872
210
797
398
008
312
333
496
471
136
854
881
346
558
694
414
001
276
975
744
159
364
569
148
994
899
228
033
613
741
562
883
567
406
352
466
686
174
681
703
367
827
358
996
070
053
770
344
331
823
354
256
124
716
986
313
369
063
812
911
513
287
857
731
778
265
801
903
885
535
707
598
748
091
952
895
362
937
135
517
389
591
664
237
751
048
284
778
370
856
302
142
951
387
326
639
521
362
234
361
481
095
686
912
672
933
372
203
770
578
938
135
428
934
267
944
898
887
557
902
453
658
609
568
355
121
434
512
285
300
236
285
765
715
669
757
723
959
462
218
921
050
391
241
497
109
420
817
517
710
879
136
979
114
232
300
791
723
771
856
105
543
188
419
280
637
406
490
351
030
913
430
782
804
442
905
705
775
444
901
853
714
162
960
861
698
173
861
666
311
537
726
109
855
094
294
031
647
665
612
326
928
736
393
828
720
021
583
813
858
078
891
746
084
875
401
659
810
179
749
272
992
102
664
647
932
973
828
313
682
328
712
767
676
856
365
695
859
706
684
651
131
527
902
203
347
558
693
541
875
620
369
154
325
160
908
977
723
947
767
525
792
613
339
848
095
858
448
119
567
779
473
275
815
861
785
246
616
369
879
758
549
266
519
903
186
513
099
668
671
102
231
209
136
241
243
038
665
919
270
345
573
222
717
847
336
663
692
218
940
720
955
615
441
999
003
043
930
978
498
761
181
906
689
832
361
020
033
356
245
297
966
691
617
698
643
537
068
447
133
536
937
454
091
386
569
636
087
923
335
514
258
329
669
289
324
022
363
340
477
794
137
869
157
902
941
489
174
530
117
819
513
463
886
338
235
102
336
724
761
498
329
359
473
570
141
807
048
760
556
503
893
061
375
736
005
150
379
510
350
615
614
045
042
418
626
756
452
950
829
628
578
203
881
425
821
587
697
391
648
014
173
499
030
160
967
977
470
556
750
629
715
579
953
828
642
631
720
749
506
215
623
639
364
351
603
626
251
636
551
983
067
098
657
289
087
094
300
010
474
809
532
813
004
648
621
001
728
659
349
536
085
457
557
264
261
709
563
373
669
947
617
558
634
982
691
387
344
954
036
935
922
895
537
513
881
289
111
331
777
926
883
810
340
845
316
837
682
380
347
081
256
289
787
088
708
203
870
216
565
837
130
924
319
061
454
432
481
165
171
108
388
288
349
407
906
731
178
774
798
799
497
052
397
692
186
513
469
821
322
156
542
589
609
787
611
147
329
644
272
435
118
501
755
370
587
746
538
266
131
910
794
230
683
559
142
797
428
088
173
767
637
237
594
301
741
546
280
793
161
207
667
888
434
756
988
754
754
428
579
096
020
357
145
923
326
801
948
013
527
136
849
128
639
760
020
140
411
094
408
971
587
032
308
488
441
876
798
006
521
330
265
012
005
972
046
539
341
431
871
982
978
505
283
174
936
450
789
526
630
258
891
935
066
243
087
738
487
559
559
750
593
382
040
177
515
136
612
716
922
238
558
466
047
296
418
249
900
608
865
157
211
081
470
758
980
504
298
031
787
219
394
789
670
347
331
849
276
315
792
471
388
315
013
470
362
350
258
347
051
326
632
050
879
626
708
170
135
972
033
894
951
883
531
813
061
060
578
661
416
846
848
464
501
061
796
402
926
168
351
729
060
194
157
112
446
317
464
287
746
943
550
734
853
544
594
003
014
941
249
140
390
500
879
924
674
306
371
123
786
245
780
487
408
361
532
475
010
484
155
405
043
601
252
265
054
845
887
110
789
610
340
770
219
959
217
138
664
608
691
682
575
812
615
670
262
719
575
050
931
281
575
263
018
010
103
989
997
591
103
949
987
999
985
898
373
417
478
695
007
134
493
497
873
046
842
266
061
980
858
444
562
059
293
715
758
362
328
882
068
663
612
877
345
956
335
328
936
109
426
909
465
439
153
036
672
341
765
248
031
048
594
983
885
548
232
333
588
853
044
170
432
798
545
242
125
047
265
883
776
536
000
677
665
959
914
602
051
802
789
538
704
511
472
348
822
878
290
852
087
337
004
807
804
296
496
602
574
389
397
705
447
137
586
251
434
623
049
296
901
485
511
827
143
885
231
265
042
037
818
794
116
531
776
740
683
392
472
900
879
034
567
227
234
822
874
997
297
314
221
503
430
978
468
462
880
902
948
828
535
902
663
853
294
219
942
153
260
835
059
921
685
079
276
082
020
597
570
662
148
191
440
612
336
516
114
746
577
575
088
497
124
911
740
666
840
292
681
668
298
786
872
397
198
964
856
155
818
450
220
503
524
737
036
008
721
297
125
109
870
384
015
185
749
915
885
868
360
455
053
649
276
884
569
746
994
020
950
481
805
899
086
869
109
535
086
981
391
612
788
704
916
886
993
112
200
320
915
593
688
810
804
769
910
808
641
215
965
942
710
769
909
687
304
933
137
205
660
644
227
845
549
011
163
903
612
465
625
733
641
708
933
941
243
471
784
832
567
602
942
482
100
126
993
960
234
202
377
496
241
418
027
651
114
385
679
853
285
973
988
638
421
758
097
830
356
053
121
639
867
281
472
671
341
136
396
334
547
575
112
708
258
433
093
486
428
822
704
863
882
974
755
669
106
844
894
024
240
820
142
706
007
471
746
827
585
087
391
369
350
647
068
891
077
727
102
021
233
200
114
511
984
502
875
628
462
956
086
418
753
941
566
460
702
898
042
624
964
299
471
397
463
658
506
108
789
115
536
611
574
344
538
177
667
113
981
839
733
290
382
626
233
026
906
244
248
697
615
780
125
815
799
401
949
131
030
280
264
472
381
150
694
019
072
852
796
021
011
070
685
746
729
361
061
936
323
454
791
683
400
747
193
960
329
869
437
245
985
565
784
581
857
305
130
811
491
805
761
608
658
772
376
914
400
678
237
757
954
853
079
167
128
340
067
131
766
235
432
902
144
383
137
045
705
333
699
989
244
168
014
098
877
145
019
512
385
589
872
782
053
183
312
271
349
012
577
231
161
079
550
859
450
801
401
748
407
942
641
606
173
816
198
055
688
160
456
081
888
070
954
800
395
070
967
232
258
176
858
198
845
872
862
161
712
411
043
089
433
807
307
723
895
299
887
665
125
837
873
126
645
042
184
366
276
023
676
132
213
693
716
994
144
371
472
546
497
938
271
740
450
380
036
871
647
066
447
752
407
053
121
131
258
872
601
920
945
813
452
144
283
396
797
276
258
950
144
189
765
216
730
921
023
929
372
184
010
498
486
490
045
708
764
026
437
904
561
254
686
724
194
930
311
262
564
327
417
447
091
121
050
448
872
133
210
203
160
167
904
819
946
930
720
293
548
194
872
700
073
175
128
275
603
843
985
197
987
258
719
453
598
915
276
235
506
599
610
447
080
453
330
830
658
795
954
356
542
251
584
893
285
580
576
521
432
632
609
207
774
486
180
722
456
958
698
938
020
755
516
143
489
886
369
397
500
754
886
515
970
935
300
286
744
122
500
494
692
493
650
889
490
267
287
606
312
793
611
935
266
594
184
106
038
747
349
927
010
739
240
887
921
498
601
982
379
952
528
462
786
285
348
755
244
816
192
743
874
472
579
141
877
086
578
561
664
500
744
689
059
641
536
083
787
977
184
702
404
169
822
875
882
225
026
982
573
053
764
585
794
092
546
218
727
543
895
812
991
354
254
968
998
569
730
618
935
783
014
759
660
091
986
398
210
723
838
505
465
797
654
204
069
261
713
722
367
752
633
198
519
810
604
465
393
666
731
851
958
690
440
507
150
512
865
040
334
245
299
623
928
812
281
260
320
509
765
592
590
901
090
554
256
156
395
462
865
572
920
953
167
562
441
943
121
323
505
883
231
060
150
848
869
775
027
630
443
577
808
234
536
247
429
958
021
949
772
864
532
105
708
487
783
203
719
635
341
324
557
732
737
747
602
387
699
503
872
351
515
485
851
685
502
677
619
181
144
083
729
689
660
603
565
611
508
797
578
652
151
525
936
290
097
408
167
392
131
560
753
282
146